name: chlorobiales_genomes1
channels:
  - conda-forge
  - bioconda
  - defaults
dependencies:
  - _libgcc_mutex=0.1=conda_forge
  - _openmp_mutex=4.5=1_gnu
  - blast=2.12.0=pl5262h3289130_0
  - bzip2=1.0.8=h7f98852_4
  - c-ares=1.18.1=h7f98852_0
  - ca-certificates=2021.10.8=ha878542_0
  - curl=7.79.1=h494985f_1
  - entrez-direct=15.6=he881be0_1
  - krb5=1.19.2=h48eae69_2
  - ld_impl_linux-64=2.36.1=hea4e1c9_2
  - libblas=3.9.0=12_linux64_openblas
  - libcblas=3.9.0=12_linux64_openblas
  - libcurl=7.79.1=h494985f_1
  - libedit=3.1.20191231=he28a2e2_2
  - libev=4.33=h516909a_1
  - libffi=3.4.2=h7f98852_5
  - libgcc-ng=11.2.0=h1d223b6_11
  - libgfortran-ng=11.2.0=h69a702a_11
  - libgfortran5=11.2.0=h5c6108e_11
  - libgomp=11.2.0=h1d223b6_11
  - liblapack=3.9.0=12_linux64_openblas
  - libnghttp2=1.43.0=ha19adfc_1
  - libnsl=2.0.0=h7f98852_0
  - libopenblas=0.3.18=pthreads_h8fe5266_0
  - libssh2=1.10.0=ha35d2d1_2
  - libstdcxx-ng=11.2.0=he4da1e4_11
  - libuuid=2.32.1=h7f98852_1000
  - libzlib=1.2.11=h36c2ea0_1013
  - mummer=3.23=pl5262h1b792b2_12
  - ncurses=6.2=h58526e2_4
  - openssl=3.0.2=h166bdaf_1
  - pcre=8.45=h9c3ff4c_0
  - perl=5.26.2=h36c2ea0_1008
  - perl-archive-tar=2.32=pl526_0
  - perl-carp=1.38=pl526_3
  - perl-common-sense=3.74=pl526_2
  - perl-compress-raw-bzip2=2.087=pl526he1b5a44_0
  - perl-compress-raw-zlib=2.087=pl526hc9558a2_0
  - perl-exporter=5.72=pl526_1
  - perl-exporter-tiny=1.002001=pl526_0
  - perl-extutils-makemaker=7.36=pl526_1
  - perl-io-compress=2.087=pl526he1b5a44_0
  - perl-io-zlib=1.10=pl526_2
  - perl-json=4.02=pl526_0
  - perl-json-xs=2.34=pl526h6bb024c_3
  - perl-list-moreutils=0.428=pl526_1
  - perl-list-moreutils-xs=0.428=pl526_0
  - perl-pathtools=3.75=pl526h14c3975_1
  - perl-scalar-list-utils=1.52=pl526h516909a_0
  - perl-types-serialiser=1.0=pl526_2
  - perl-xsloader=0.24=pl526_0
  - pip=21.3.1=pyhd8ed1ab_0
  - python=3.10.0=h543edf9_3_cpython
  - python_abi=3.10=2_cp310
  - readline=8.1=h46c0cb4_0
  - sqlite=3.36.0=h9cd32fc_2
  - taxonkit=0.8.0=h9ee0642_0
  - tk=8.6.11=h27826a3_1
  - tzdata=2021e=he74cb21_0
  - wheel=0.37.0=pyhd8ed1ab_1
  - xz=5.2.5=h516909a_1
  - zlib=1.2.11=h36c2ea0_1013
  - pip:
    - biopython==1.79
    - certifi==2021.10.8
    - charset-normalizer==2.0.12
    - click==8.0.4
    - cycler==0.11.0
    - fonttools==4.30.0
    - future==0.18.2
    - htseq==1.99.2
    - idna==3.3
    - kiwisolver==1.4.0
    - matplotlib==3.5.1
    - mgkit==0.5.6
    - msgpack-python==0.5.6
    - networkx==2.7.1
    - numexpr==2.8.1
    - numpy==1.21.4
    - packaging==21.3
    - pandas==1.4.1
    - patsy==0.5.2
    - pillow==9.0.1
    - pymongo==4.0.2
    - pyparsing==3.0.7
    - pysam==0.18.0
    - python-dateutil==2.8.2
    - pytz==2021.3
    - requests==2.27.1
    - scipy==1.8.0
    - semidbm==0.5.1
    - setuptools==59.2.0
    - six==1.16.0
    - statsmodels==0.13.2
    - tables==3.7.0
    - tqdm==4.63.0
    - urllib3==1.26.8