name: taxonomic-binning
channels:
  - conda-forge
  - bioconda
  - defaults
dependencies:
  - _libgcc_mutex=0.1=conda_forge
  - _openmp_mutex=4.5=1_gnu
  - bzip2=1.0.8=h7f98852_4
  - c-ares=1.17.1=h7f98852_1
  - ca-certificates=2021.10.8=ha878542_0
  - certifi=2021.10.8=py39hf3d152e_1
  - curl=7.77.0=hea6ffbf_0
  - gawk=5.1.0=h7f98852_0
  - gettext=0.19.8.1=h0b5b191_1005
  - hdf5=1.10.6=nompi_h6a2412b_1114
  - hmmer=3.3.2=h1b792b2_1
  - icu=68.1=h58526e2_0
  - krb5=1.19.1=hcc1bbae_0
  - ld_impl_linux-64=2.35.1=hea4e1c9_2
  - libcurl=7.77.0=h2574ce0_0
  - libedit=3.1.20191231=he28a2e2_2
  - libev=4.33=h516909a_1
  - libffi=3.3=h58526e2_2
  - libgcc-ng=9.3.0=h2828fa1_19
  - libgfortran-ng=9.3.0=hff62375_19
  - libgfortran5=9.3.0=hff62375_19
  - libgomp=9.3.0=h2828fa1_19
  - libiconv=1.16=h516909a_0
  - libidn2=2.3.1=h7f98852_0
  - libnghttp2=1.43.0=h812cca2_0
  - libssh2=1.9.0=ha56f1ee_6
  - libstdcxx-ng=9.3.0=h6de172a_19
  - libunistring=0.9.10=h14c3975_0
  - libxml2=2.9.12=h72842e0_0
  - megahit=1.2.9=h2e03b76_1
  - mmseqs2=13.45111=h95f258a_1
  - ncbi-ngs-sdk=2.11.0=hff44eed_0
  - ncurses=6.2=h58526e2_4
  - openssl=1.1.1k=h7f98852_0
  - ossuuid=1.6.2=hf484d3e_1000
  - perl=5.26.2=h36c2ea0_1008
  - perl-app-cpanminus=1.7044=pl526_1
  - perl-business-isbn=3.004=pl526_0
  - perl-business-isbn-data=20140910.003=pl526_0
  - perl-carp=1.38=pl526_3
  - perl-constant=1.33=pl526_1
  - perl-data-dumper=2.173=pl526_0
  - perl-encode=2.88=pl526_1
  - perl-exporter=5.72=pl526_1
  - perl-extutils-makemaker=7.36=pl526_1
  - perl-file-path=2.16=pl526_0
  - perl-file-temp=0.2304=pl526_2
  - perl-mime-base64=3.15=pl526_1
  - perl-parent=0.236=pl526_1
  - perl-uri=1.76=pl526_0
  - perl-xml-libxml=2.0132=pl526h7ec2d77_1
  - perl-xml-namespacesupport=1.12=pl526_0
  - perl-xml-sax=1.02=pl526_0
  - perl-xml-sax-base=1.09=pl526_0
  - perl-xsloader=0.24=pl526_0
  - pip=21.1.2=pyhd8ed1ab_0
  - plass=4.687d7=h95f258a_2
  - prodigal=2.6.3=h779adbc_3
  - python=3.9.4=hffdb5ce_0_cpython
  - python_abi=3.9=1_cp39
  - readline=8.1=h46c0cb4_0
  - seqkit=2.1.0=h9ee0642_0
  - setuptools=49.6.0=py39hf3d152e_3
  - sqlite=3.35.5=h74cdb3f_0
  - sra-tools=2.11.0=pl5262h314213e_0
  - tk=8.6.10=h21135ba_1
  - tzdata=2021a=he74cb21_0
  - wget=1.20.1=h22169c7_0
  - wheel=0.36.2=pyhd3deb0d_0
  - xz=5.2.5=h516909a_1
  - zlib=1.2.11=h516909a_1010